# this is a script

x <- 13

y <- 1001
